-10 0 0 0 0
-9.960000000000001 0 0 0 0
-9.92 0 0 0 0
-9.880000000000001 0 0 0 0
-9.84 0 0 0 0
-9.800000000000001 0 0 0 0
-9.76 0 0 0 0
-9.720000000000001 0 0 0 0
-9.68 0 0 0 0
-9.640000000000001 0 0 0 0
-9.6 0 0 0 0
-9.560000000000001 0 0 0 0
-9.52 0 0 0 0
-9.48 0 0 0 0
-9.44 0 0 0 0
-9.4 0 0 0 0
-9.359999999999999 0 0 0 0
-9.32 0 0 0 0
-9.279999999999999 0 0 0 0
-9.24 0 0 0 0
-9.199999999999999 0 0 0 0
-9.16 0 0 0 0
-9.119999999999999 0 0 0 0
-9.08 0 0 0 0
-9.039999999999999 0 0 0 0
-9 0 0 0 0
-8.960000000000001 0 0 0 0
-8.92 0 0 0 0
-8.879999999999999 0 0 0 0
-8.84 0 0 0 0
-8.800000000000001 0 0 0 0
-8.76 0 0 0 0
-8.720000000000001 0 0 0 0
-8.68 0 0 0 0
-8.640000000000001 0 0 0 0
-8.6 0 0 0 0
-8.560000000000001 0 0 0 0
-8.52 0 0 0 0
-8.48 0 0 0 0
-8.44 0 0 0 0
-8.4 0 0 0 0
-8.359999999999999 0 0 0 0
-8.32 0 0 0 0
-8.279999999999999 0 0 0 0
-8.24 0 0 0 0
-8.199999999999999 0 0 0 0
-8.16 0 0 0 0
-8.120000000000001 0 0 0 0
-8.08 0 0 0 0
-8.039999999999999 0 0 0 0
-8 0 0 0 0
-7.96 0 0 0 0
-7.92 0 0 0 0
-7.88 0 0 0 0
-7.84 0 0 0 0
-7.8 0 0 0 0
-7.76 0 0 0 0
-7.720000000000001 0 0 0 0
-7.68 0 0 0 0
-7.640000000000001 0 0 0 0
-7.6 0 0 0 0
-7.560000000000001 0 0 0 0
-7.52 0 0 0 0
-7.48 0 0 0 0
-7.44 0 0 0 0
-7.4 0 0 0 0
-7.359999999999999 0 0 0 0
-7.32 0 0 0 0
-7.279999999999999 0 0 0 0
-7.24 0 0 0 0
-7.2 0 0 0 0
-7.16 0 0 0 0
-7.12 0 0 0 0
-7.08 0 0 0 0
-7.04 0 0 0 0
-7 0 0 0 0
-6.96 0 0 0 0
-6.92 0 0 0 0
-6.88 0 0 0 0
-6.84 0 0 0 0
-6.8 0 0 0 0
-6.76 0 0 0 0
-6.720000000000001 0 0 0 0
-6.68 0 0 0 0
-6.640000000000001 0 0 0 0
-6.6 0 0 0 0
-6.560000000000001 0 0 0 0
-6.52 0 0 0 0
-6.48 0 0 0 0
-6.44 0 0 0 0
-6.4 0 0 0 0
-6.359999999999999 0 0 0 0
-6.32 0 0 0 0
-6.279999999999999 0 0 0 0
-6.24 0 0 0 0
-6.2 0 0 0 0
-6.16 0 0 0 0
-6.12 0 0 0 0
-6.08 0 0 0 0
-6.04 0 0 0 0
-6 0 0 0 0
-5.96 0 0 0 0
-5.92 0 0 0 0
-5.88 0 0 0 0
-5.84 0 0 0 0
-5.8 0 0 0 0
-5.76 0 0 0 0
-5.72 0 0 0 0
-5.68 0 0 0 0
-5.64 0 0 0 0
-5.6 0 0 0 0
-5.56 0 0 0 0
-5.52 0 0 0 0
-5.48 0 0 0 0
-5.44 0 0 0 0
-5.4 0 0 0 0
-5.36 0 0 0 0
-5.32 0 0 0 0
-5.28 0 0 0 0
-5.24 0 0 0 0
-5.2 0 0 0 0
-5.16 0 0 0 0
-5.12 0 0 0 0
-5.08 0 0 0 0
-5.04 0 0 0 0
-5 0 0 0 0
-4.96 0 0 0 0
-4.92 0 0 0 0
-4.88 0 0 0 0
-4.84 0 0 0 0
-4.8 0 0 0 0
-4.76 0 0 0 0
-4.72 0 0 0 0
-4.68 0 0 0 0
-4.64 0 0 0 0
-4.6 0 0 0 0
-4.56 0 0 0 0
-4.52 0 0 0 0
-4.48 0 0 0 0
-4.44 0 0 0 0
-4.4 0 0 0 0
-4.36 0 0 0 0
-4.32 0 0 0 0
-4.28 0 0 0 0
-4.24 0 0 0 0
-4.2 0 0 0 0
-4.16 0 0 0 0
-4.12 0 0 0 0
-4.08 0 0 0 0
-4.04 0 0 0 0
-4 0 0 0 0
-3.96 0 0 0 0
-3.92 0 0 0 0
-3.88 0 0 0 0
-3.84 0 0 0 0
-3.8 0 0 0 0
-3.76 0 0 0 0
-3.72 0 0 0 0
-3.68 0 0 0 0
-3.64 0 0 0 0
-3.6 0 0 0 0
-3.56 0 0 0 0
-3.52 0 0 0 0
-3.48 0 0 0 0
-3.44 0 0 0 0
-3.4 0 0 0 0
-3.36 0 0 0 0
-3.32 0 0 0 0
-3.28 0 0 0 0
-3.24 0 0 0 0
-3.2 0 0 0 0
-3.16 0 0 0 0
-3.12 0 0 0 0
-3.08 0 0 0 0
-3.04 0 0 0 0
-3 0 0 0 0
-2.96 0 0 0 0
-2.92 0 0 0 0
-2.88 0 0 0 0
-2.84 0 0 0 0
-2.8 0 0 0 0
-2.76 0 0 0 0
-2.72 0 0 0 0
-2.68 0 0 0 0
-2.64 0 0 0 0
-2.6 0 0 0 0
-2.56 0 0 0 0
-2.52 0 0 0 0
-2.48 0 0 0 0
-2.44 0 0 0 0
-2.4 0 0 0 0
-2.36 0 0 0 0
-2.32 0 0 0 0
-2.28 0 0 0 0
-2.24 0 0 0 0
-2.2 0 0 0 0
-2.16 0 0 0 0
-2.12 0 0 0 0
-2.08 0 0 0 0
-2.04 0 0 0 0
-2 0 0 0 0
-1.960000000000001 0 0 0 0
-1.92 0 0 0 0
-1.880000000000001 0 0 0 0
-1.84 0 0 0 0
-1.800000000000001 0 0 0 0
-1.76 0 0 0 0
-1.720000000000001 0 0 0 0
-1.68 0 0 0 0
-1.640000000000001 0 0 0 0
-1.6 0 0 0 0
-1.560000000000001 0 0 0 0
-1.52 0 0 0 0
-1.48 0 0 0 0
-1.44 0 0 0 0
-1.4 0 0 0 0
-1.359999999999999 0 0 0 0
-1.32 0 0 0 0
-1.279999999999999 0 0 0 0
-1.24 0 0 0 0
-1.199999999999999 0 0 0 0
-1.16 0 0 0 0
-1.119999999999999 0 0 0 0
-1.08 0 0 0 0
-1.039999999999999 0 0 0 0
-1 0 0 0 0
-0.9600000000000009 0 0 0 0
-0.9199999999999999 0 0 0 0
-0.8800000000000008 0 0 0 0
-0.8399999999999999 0 0 0 0
-0.8000000000000007 0 0 0 0
-0.7599999999999998 0 0 0 0
-0.7200000000000006 0 0 0 0
-0.6799999999999997 0 0 0 0
-0.6400000000000006 0 0 0 0
-0.5999999999999996 0 0 0 0
-0.5600000000000005 0 0 0 0
-0.5199999999999996 0 0 0 0
-0.4800000000000004 0 0 0 0
-0.4399999999999995 0 0 0 0
-0.4000000000000004 0 0 0 0
-0.3599999999999994 0 0 0 0
-0.3200000000000003 0 0 0 0
-0.2799999999999994 0 0 0 0
-0.2400000000000002 0 0 0 0
-0.1999999999999993 0 0 0 0
-0.1600000000000001 0 0 0 0
-0.1199999999999992 0 0 0 0
-0.08000000000000007 0 0 0 0
-0.03999999999999915 0 0 0 0
0 0 0 0 0
0.03999999999999915 0 0 0 0
0.08000000000000007 0 0 0 0
0.1199999999999992 0 0 0 0
0.1600000000000001 0 0 0 0
0.1999999999999993 0 0 0 0
0.2400000000000002 0 0 0 0
0.2799999999999994 0 0 0 0
0.3200000000000003 0 0 0 0
0.3599999999999994 0 0 0 0
0.4000000000000004 0 0 0 0
0.4399999999999995 0 0 0 0
0.4800000000000004 0 0 0 0
0.5199999999999996 0 0 0 0
0.5600000000000005 0 0 0 0
0.5999999999999996 0 0 0 0
0.6400000000000006 0 0 0 0
0.6799999999999997 0 0 0 0
0.7200000000000006 0 0 0 0
0.7599999999999998 0 0 0 0
0.8000000000000007 0 0 0 0
0.8399999999999999 0 0 0 0
0.8800000000000008 0 0 0 0
0.9199999999999999 0 0 0 0
0.9600000000000009 0 0 0 0
1 0 0 0 0
1.039999999999999 0 0 0 0
1.08 0 0 0 0
1.119999999999999 0 0 0 0
1.16 0 0 0 0
1.199999999999999 0 0 0 0
1.24 0 0 0 0
1.279999999999999 0 0 0 0
1.32 0 0 0 0
1.359999999999999 0 0 0 0
1.4 0 0 0 0
1.44 0 0 0 0
1.48 0 0 0 0
1.52 0 0 0 0
1.560000000000001 0 0 0 0
1.6 0 0 0 0
1.640000000000001 0 0 0 0
1.68 0 0 0 0
1.720000000000001 0 0 0 0
1.76 0 0 0 0
1.800000000000001 0 0 0 0
1.84 0 0 0 0
1.880000000000001 0 0 0 0
1.92 0 0 0 0
1.960000000000001 0 0 0 0
2 0 0 0 0
2.039999999999999 0 0 0 0
2.08 0 0 0 0
2.119999999999999 0 0 0 0
2.16 0 0 0 0
2.199999999999999 0 0 0 0
2.24 0 0 0 0
2.279999999999999 0 0 0 0
2.32 0 0 0 0
2.359999999999999 0 0 0 0
2.4 0 0 0 0
2.44 0 0 0 0
2.48 0 0 0 0
2.52 0 0 0 0
2.560000000000001 0 0 0 0
2.6 0 0 0 0
2.640000000000001 0 0 0 0
2.68 0 0 0 0
2.720000000000001 0 0 0 0
2.76 0 0 0 0
2.800000000000001 0 0 0 0
2.84 0 0 0 0
2.880000000000001 0 0 0 0
2.92 0 0 0 0
2.960000000000001 0 0 0 0
3 0 0 0 0
3.039999999999999 0 0 0 0
3.08 0 0 0 0
3.119999999999999 0 0 0 0
3.16 0 0 0 0
3.199999999999999 0 0 0 0
3.24 0 0 0 0
3.279999999999999 0 0 0 0
3.32 0 0 0 0
3.359999999999999 0 0 0 0
3.4 0 0 0 0
3.44 0 0 0 0
3.48 0 0 0 0
3.52 0 0 0 0
3.560000000000001 0 0 0 0
3.6 0 0 0 0
3.640000000000001 0 0 0 0
3.68 0 0 0 0
3.720000000000001 0 0 0 0
3.76 0 0 0 0
3.800000000000001 0 0 0 0
3.84 0 0 0 0
3.880000000000001 0 0 0 0
3.92 0 0 0 0
3.960000000000001 0 0 0 0
4 0 0 0 0
4.039999999999999 0 0 0 0
4.08 0 0 0 0
4.119999999999999 0 0 0 0
4.16 0 0 0 0
4.199999999999999 0 0 0 0
4.24 0 0 0 0
4.279999999999999 0 0 0 0
4.32 0 0 0 0
4.359999999999999 0 0 0 0
4.4 0 0 0 0
4.44 0 0 0 0
4.48 0 0 0 0
4.52 0 0 0 0
4.560000000000001 0 0 0 0
4.6 0 0 0 0
4.640000000000001 0 0 0 0
4.68 0 0 0 0
4.720000000000001 0 0 0 0
4.76 0 0 0 0
4.800000000000001 0 0 0 0
4.84 0 0 0 0
4.880000000000001 0 0 0 0
4.92 0 0 0 0
4.960000000000001 0 0 0 0
5 0 0 0 0
5.039999999999999 0 0 0 0
5.08 0 0 0 0
5.119999999999999 0 0 0 0
5.16 0 0 0 0
5.199999999999999 0 0 0 0
5.24 0 0 0 0
5.279999999999999 0 0 0 0
5.32 0 0 0 0
5.359999999999999 0 0 0 0
5.4 0 0 0 0
5.44 0 0 0 0
5.48 0 0 0 0
5.52 0 0 0 0
5.560000000000001 0 0 0 0
5.6 0 0 0 0
5.640000000000001 0 0 0 0
5.68 0 0 0 0
5.720000000000001 0 0 0 0
5.76 0 0 0 0
5.800000000000001 0 0 0 0
5.84 0 0 0 0
5.880000000000001 0 0 0 0
5.92 0 0 0 0
5.960000000000001 0 0 0 0
6 0 0 0 0
6.039999999999999 0 0 0 0
6.079999999999998 0 0 0 0
6.120000000000001 0 0 0 0
6.16 0 0 0 0
6.199999999999999 0 0 0 0
6.239999999999998 0 0 0 0
6.280000000000001 0 0 0 0
6.32 0 0 0 0
6.359999999999999 0 0 0 0
6.399999999999999 0 0 0 0
6.440000000000001 0 0 0 0
6.48 0 0 0 0
6.52 0 0 0 0
6.559999999999999 0 0 0 0
6.600000000000001 0 0 0 0
6.640000000000001 0 0 0 0
6.68 0 0 0 0
6.719999999999999 0 0 0 0
6.760000000000002 0 0 0 0
6.800000000000001 0 0 0 0
6.84 0 0 0 0
6.879999999999999 0 0 0 0
6.920000000000002 0 0 0 0
6.960000000000001 0 0 0 0
7 0 0 0 0
7.039999999999999 0 0 0 0
7.079999999999998 0 0 0 0
7.120000000000001 0 0 0 0
7.16 0 0 0 0
7.199999999999999 0 0 0 0
7.239999999999998 0 0 0 0
7.280000000000001 0 0 0 0
7.32 0 0 0 0
7.359999999999999 0 0 0 0
7.399999999999999 0 0 0 0
7.440000000000001 0 0 0 0
7.48 0 0 0 0
7.52 0 0 0 0
7.559999999999999 0 0 0 0
7.600000000000001 0 0 0 0
7.640000000000001 0 0 0 0
7.68 0 0 0 0
7.719999999999999 0 0 0 0
7.760000000000002 0 0 0 0
7.800000000000001 0 0 0 0
7.84 0 0 0 0
7.879999999999999 0 0 0 0
7.920000000000002 0 0 0 0
7.960000000000001 0 0 0 0
8 0 0 0 0
8.039999999999999 0 0 0 0
8.079999999999998 0 0 0 0
8.120000000000001 0 0 0 0
8.16 0 0 0 0
8.199999999999999 0 0 0 0
8.239999999999998 0 0 0 0
8.280000000000001 0 0 0 0
8.32 0 0 0 0
8.359999999999999 0 0 0 0
8.399999999999999 0 0 0 0
8.440000000000001 0 0 0 0
8.48 0 0 0 0
8.52 0 0 0 0
8.559999999999999 0 0 0 0
8.600000000000001 0 0 0 0
8.640000000000001 0 0 0 0
8.68 0 0 0 0
8.719999999999999 0 0 0 0
8.760000000000002 0 0 0 0
8.800000000000001 0 0 0 0
8.84 0 0 0 0
8.879999999999999 0 0 0 0
8.920000000000002 0 0 0 0
8.960000000000001 0 0 0 0
9 0 0 0 0
9.039999999999999 0 0 0 0
9.079999999999998 0 0 0 0
9.120000000000001 0 0 0 0
9.16 0 0 0 0
9.199999999999999 0 0 0 0
9.239999999999998 0 0 0 0
9.280000000000001 0 0 0 0
9.32 0 0 0 0
9.359999999999999 0 0 0 0
9.399999999999999 0 0 0 0
9.440000000000001 0 0 0 0
9.48 0 0 0 0
9.52 0 0 0 0
9.559999999999999 0 0 0 0
9.600000000000001 0 0 0 0
9.640000000000001 0 0 0 0
9.68 0 0 0 0
9.719999999999999 0 0 0 0
9.760000000000002 0 0 0 0
9.800000000000001 0 0 0 0
9.84 0 0 0 0
9.879999999999999 0 0 0 0
9.920000000000002 0 0 0 0
9.960000000000001 0 0 0 0
10 0 0 0 0
10.04 0 0 0 0
10.08 0 0 0 0
10.12 0 0 0 0
10.16 0 0 0 0
10.2 0 0 0 0
10.24 0 0 0 0
10.28 0 0 0 0
10.32 0 0 0 0
10.36 0 0 0 0
10.4 0 0 0 0
10.44 0 0 0 0
10.48 0 0 0 0
10.52 0 0 0 0
10.56 0 0 0 0
10.6 0 0 0 0
10.64 0 0 0 0
10.68 0 0 0 0
10.72 0 0 0 0
10.76 0 0 0 0
10.8 0 0 0 0
10.84 0 0 0 0
10.88 0 0 0 0
10.92 0 0 0 0
10.96 0 0 0 0
11 0 0 0 0
11.04 0 0 0 0
11.08 0 0 0 0
11.12 0 0 0 0
11.16 0 0 0 0
11.2 0 0 0 0
11.24 0 0 0 0
11.28 0 0 0 0
11.32 0 0 0 0
11.36 0 0 0 0
11.4 0 0 0 0
11.44 0 0 0 0
11.48 0 0 0 0
11.52 0 0 0 0
11.56 0 0 0 0
11.6 0 0 0 0
11.64 0 0 0 0
11.68 0 0 0 0
11.72 0 0 0 0
11.76 0 0 0 0
11.8 0 0 0 0
11.84 0 0 0 0
11.88 0 0 0 0
11.92 0 0 0 0
11.96 0 0 0 0
12 0 0 0 0
12.04 0 0 0 0
12.08 0 0 0 0
12.12 0 0 0 0
12.16 0 0 0 0
12.2 0 0 0 0
12.24 0 0 0 0
12.28 0 0 0 0
12.32 0 0 0 0
12.36 0 0 0 0
12.4 0 0 0 0
12.44 0 0 0 0
12.48 0 0 0 0
12.52 0 0 0 0
12.56 0 0 0 0
12.6 0 0 0 0
12.64 0 0 0 0
12.68 0 0 0 0
12.72 0 0 0 0
12.76 0 0 0 0
12.8 0 0 0 0
12.84 0 0 0 0
12.88 0 0 0 0
12.92 0 0 0 0
12.96 0 0 0 0
13 0 0 0 0
13.04 0 0 0 0
13.08 0 0 0 0
13.12 0 0 0 0
13.16 0 0 0 0
13.2 0 0 0 0
13.24 0 0 0 0
13.28 0 0 0 0
13.32 0 0 0 0
13.36 0 0 0 0
13.4 0 0 0 0
13.44 0 0 0 0
13.48 0 0 0 0
13.52 0 0 0 0
13.56 0 0 0 0
13.6 0 0 0 0
13.64 0 0 0 0
13.68 0 0 0 0
13.72 0 0 0 0
13.76 0 0 0 0
13.8 0 0 0 0
13.84 0 0 0 0
13.88 0 0 0 0
13.92 0 0 0 0
13.96 0 0 0 0
14 0 0 0 0
14.04 0 0 0 0
14.08 0 0 0 0
14.12 0 0 0 0
14.16 0 0 0 0
14.2 0 0 0 0
14.24 0 0 0 0
14.28 0 0 0 0
14.32 0 0 0 0
14.36 0 0 0 0
14.4 0 0 0 0
14.44 0 0 0 0
14.48 0 0 0 0
14.52 0 0 0 0
14.56 0 0 0 0
14.6 0 0 0 0
14.64 0 0 0 0
14.68 0 0 0 0
14.72 0 0 0 0
14.76 0 0 0 0
14.8 0 0 0 0
14.84 0 0 0 0
14.88 0 0 0 0
14.92 0 0 0 0
14.96 0 0 0 0
15 1.159444708962196 -0.8115473597641362 0.4785237368960871 0.4203721619094667
