635
13020
18437
23055
30815
36843
44019
47678
50101
52935
58220
67177
71617
78743
88872
94129
101835
108317
111711
118153
125886
132194
138437
147342
156326
166054
174213
183064
193207
198770
207807
210935
217803
225043
232164
241388
246326
251636
257119
264001
268020
277957
280491
290078
291712
299617
307910
310212
312687
321616
325944
335088
338814
344910
348611
351259
357502
360656
369467
377439
386663
386902
390376
398614
397990
402049
412244
416037
418379
424329
433557
434924
439316
446304
448912
451987
459267
462648
470747
474839
483278
486685
494232
503591
511721
515634
524445
531526
536783
545860
551862
555417
560661
563456
569192
577058
585403
589063
595878
599459
609627
