10427817531
10427829916
10427835333
10427839951
10427847711
10427853739
10427860915
10427864574
10427866997
10427869831
10427875116
10427884073
10427888513
10427895639
10427905768
10427911025
10427918731
10427925213
10427928607
10427935049
10427942782
10427949090
10427955333
10427964238
10427973222
10427982950
10427991109
10427999960
10428010103
10428015666
10428024703
10428027831
10428034699
10428041939
10428049060
10428058284
10428063222
10428068532
10428074015
10428080897
10428084916
10428094853
10428097387
10428106974
10428108608
10428116513
10428124806
10428127108
10428129583
10428138512
10428142840
10428151984
10428155710
10428161806
10428165507
10428168155
10428174398
10428177552
10428186363
10428194335
10428203559
10428203798
10428207272
10428215510
10428214886
10428218945
10428229140
10428232933
10428235275
10428241225
10428250453
10428251820
10428256212
10428263200
10428265808
10428268883
10428276163
10428279544
10428287643
10428291735
10428300174
10428303581
10428311128
10428320487
10428328617
10428332530
10428341341
10428348422
10428353679
10428362756
10428368758
10428372313
10428377557
10428380352
10428386088
10428393954
10428402299
10428405959
10428412774
10428416355
10428426523
