9.459930e+02 
9.520210e+02 
9.591970e+02 
9.823550e+02 
9.939210e+02 
1.004050e+03 
1.017013e+03 
1.023495e+03 
1.033331e+03 
1.041064e+03 
1.047372e+03 
1.053615e+03 
1.062520e+03 
1.071504e+03 
1.081232e+03 
1.089391e+03 
1.098242e+03 
1.108385e+03 
1.122985e+03 
1.132981e+03 
1.140221e+03 
1.147342e+03 
1.156566e+03 
1.179179e+03 
1.193135e+03 
1.205256e+03 
1.214795e+03 
1.223088e+03 
1.236794e+03 
1.250266e+03 
1.260088e+03 
1.272680e+03 
1.284645e+03 
1.292617e+03 
1.301841e+03 
1.313792e+03 
1.327422e+03 
1.348735e+03 
1.361482e+03 
1.374445e+03 
1.385925e+03 
1.398456e+03 
1.409410e+03 
1.418769e+03 
1.426899e+03 
1.439623e+03 
1.446704e+03 
1.461038e+03 
1.467040e+03 
1.492236e+03 
1.500581e+03 
1.511056e+03 
1.524805e+03 
