9.225300e+02 
9.281980e+02 
9.336150e+02 
9.382330e+02 
9.459930e+02 
9.520210e+02 
9.591970e+02 
9.628560e+02 
9.652790e+02 
9.681130e+02 
9.733980e+02 
9.823550e+02 
9.867950e+02 
9.939210e+02 
1.004050e+03 
1.009307e+03 
1.017013e+03 
1.023495e+03 
1.026889e+03 
1.033331e+03 
1.041064e+03 
1.047372e+03 
1.053615e+03 
1.062520e+03 
1.071504e+03 
1.081232e+03 
1.089391e+03 
1.098242e+03 
1.108385e+03 
1.113948e+03 
1.122985e+03 
1.126113e+03 
1.132981e+03 
1.140221e+03 
1.147342e+03 
1.156566e+03 
1.161504e+03 
1.166814e+03 
1.172297e+03 
1.179179e+03 
1.183198e+03 
1.193135e+03 
1.195669e+03 
1.205256e+03 
1.206890e+03 
1.214795e+03 
1.223088e+03 
1.225390e+03 
1.227865e+03 
1.236794e+03 
1.241122e+03 
1.250266e+03 
1.253992e+03 
1.260088e+03 
1.263789e+03 
1.266437e+03 
1.272680e+03 
1.275834e+03 
1.284645e+03 
1.292617e+03 
1.301841e+03 
1.302080e+03 
1.305554e+03 
1.313792e+03 
1.313168e+03 
1.317227e+03 
1.327422e+03 
1.331215e+03 
1.333557e+03 
1.339507e+03 
1.348735e+03 
1.350102e+03 
1.354494e+03 
1.361482e+03 
1.364090e+03 
1.367165e+03 
1.374445e+03 
1.377826e+03 
1.385925e+03 
1.390017e+03 
1.398456e+03 
1.401863e+03 
1.409410e+03 
1.418769e+03 
1.426899e+03 
1.430812e+03 
1.439623e+03 
1.446704e+03 
1.451961e+03 
1.461038e+03 
1.467040e+03 
1.470595e+03 
1.475839e+03 
1.478634e+03 
1.484370e+03 
1.492236e+03 
1.500581e+03 
1.504241e+03 
1.511056e+03 
1.514637e+03 
1.524805e+03 
