6 8 1 1.643322e-03 -2.530710e+20 5.827513e-02 -8.014539e+20 
6 8 2 7.979051e-03 -7.460794e-03 4.357605e-02 -9.692677e-02 
6 8 3 1.960684e-02 -2.521457e-02 9.157933e-02 -1.357758e-01 
6 8 4 1.314425e-02 -3.521806e-02 6.401086e-02 -1.766154e-01 
6 8 5 8.931129e-03 -1.149408e-02 5.189818e-02 -9.447293e-02 
6 9 1 1.078617e-02 -2.407402e-02 9.127596e-02 -1.311101e-01 
6 9 2 5.592154e-04 -1.302548e-02 1.794742e-02 -5.817325e-02 
6 9 3 5.664429e-03 -4.988836e-02 4.339538e-02 -1.933170e-01 
6 9 4 1.756042e-02 -2.083722e-02 7.188393e-02 -9.954964e-02 
6 9 5 -2.034379e-02 -1.931143e-02 2.953448e-02 -1.146233e-01 
6 10 1 -8.442513e-03 -3.440949e-03 2.258807e-02 -2.545096e-02 
6 10 2 7.715683e-03 -4.478674e-02 4.364290e-02 -1.452057e-01 
6 10 3 7.923275e-03 -1.596651e-02 3.787295e-02 -1.156535e-01 
6 10 4 7.355182e-03 -1.619314e-02 2.775286e-02 -9.591232e-02 
6 10 5 1.178604e-04 -2.725711e-02 2.904127e-02 -1.197725e-01 
6 11 1 4.778884e-03 -4.977535e-02 2.399129e-02 -1.758585e-01 
6 11 2 1.587094e-02 -1.799164e-02 6.589808e-02 -1.488149e-01 
6 11 3 6.111359e-03 -2.257002e-03 4.312564e-02 -7.533374e-02 
6 11 4 1.107890e-02 -2.077474e-02 4.707960e-02 -1.381093e-01 
6 11 5 3.328854e-03 -3.220326e-02 2.488382e-02 -1.367453e-01 
6 11 6 1.330902e-03 -2.451852e-02 3.556203e-02 -1.314645e-01 
6 12 2 2.220654e-04 -2.287899e-02 2.499453e-02 -9.053788e-02 
6 12 3 -7.192426e-04 -2.469086e-02 1.596755e-02 -1.703163e-01 
6 12 4 1.671652e-02 -1.488709e-02 6.535002e-02 -7.339183e-02 
6 12 5 1.958072e-03 -1.982469e-02 1.642642e-02 -8.043014e-02 
6 12 6 1.313893e-02 -6.666301e-02 6.062104e-02 -2.480200e-01 
6 13 1 1.517439e-02 -4.028864e-02 5.943654e-02 -1.933003e-01 
6 13 2 2.512590e-03 -3.179562e-02 2.996765e-02 -1.752358e-01 
6 13 3 -1.657447e-03 -7.514578e-03 7.273094e-03 -9.700077e-02 
6 13 4 1.563766e-02 -2.782331e-02 5.784583e-02 -8.804445e-02 
6 13 5 1.193066e-02 -1.029332e-02 1.043011e-01 -5.926413e-02 
6 13 6 2.421171e-02 -1.376022e-02 6.732579e-02 -1.255841e-01 
6 14 1 8.929851e-03 -1.401832e-02 3.868596e-02 -1.272968e-01 
6 14 2 1.495196e-03 -5.270308e-03 1.685468e-02 -3.026092e-02 
6 14 3 -7.471503e-04 -4.370798e-03 3.246290e-02 -8.451890e-02 
6 14 4 3.788099e-03 -1.258443e-02 2.640831e-02 -1.074754e-01 
6 14 5 2.494755e-02 -1.381411e-02 7.760228e-02 -8.607558e-02 
6 14 6 1.600821e-03 -5.624077e-03 3.092148e-02 -3.686514e-02 
6 15 1 1.150374e-02 -4.011420e-02 5.288054e-02 -1.601929e-01 
6 15 2 7.762672e-03 -2.143344e-02 3.855438e-02 -9.484350e-02 
6 15 3 2.017176e-02 -7.249384e-02 6.074354e-02 -2.571395e-01 
6 15 4 -3.368000e-03 2.271903e-03 1.939689e-02 -5.401811e-02 
6 15 5 1.684608e-02 -3.075161e-02 6.899612e-02 -1.773436e-01 
6 15 6 5.194152e-03 -7.711647e-03 4.453988e-02 -9.341332e-02 
6 16 1 8.900695e-03 -1.720652e-02 4.080052e-02 -8.004581e-02 
6 16 2 1.062731e-04 -1.877942e-02 9.226926e-03 -9.602317e-02 
6 16 3 1.208577e-02 -3.529369e-03 4.209881e-02 -2.885599e-02 
6 16 4 1.665091e-02 3.705813e-04 5.845938e-02 -7.807135e-02 
6 16 5 7.902739e-03 -2.021648e-02 4.909296e-02 -1.209992e-01 
6 27 1 2.217457e-02 -3.729221e-02 8.383795e-02 -1.144014e-01 
6 27 2 -5.340202e-03 -2.190419e-02 1.243349e-02 -1.030743e-01 
6 27 3 3.398099e-03 -1.089424e-02 2.936742e-02 -7.605891e-02 
6 27 4 4.724139e-02 -6.411355e-02 1.600708e-01 -2.382765e-01 
6 27 5 3.204162e-02 -4.085344e-02 1.125305e-01 -1.640182e-01 
6 27 6 2.057129e-02 -3.263965e-02 8.192056e-02 -2.025034e-01 
6 28 1 7.129198e-03 -9.781934e-03 4.504108e-02 -1.459879e-01 
6 28 2 1.380809e-02 -1.940716e-02 6.334095e-02 -7.491893e-02 
6 28 3 9.752860e-03 -3.058668e-02 4.097516e-02 -1.686721e-01 
6 28 4 3.361903e-03 -2.095975e-02 2.292415e-02 -1.135952e-01 
6 28 5 1.321824e-03 -3.667406e-02 2.230206e-02 -1.464839e-01 
6 28 6 3.945403e-03 -7.688488e-04 5.220367e-02 -2.619067e-02 
6 29 1 1.209571e-02 -1.409069e-02 4.789745e-02 -7.651983e-02 
6 29 2 1.359268e-02 -4.069775e-02 5.821024e-02 -1.697376e-01 
6 29 3 4.702571e-03 -2.663706e-02 1.507708e-02 -8.835731e-02 
6 29 4 4.898060e-03 -1.529769e-02 3.350014e-02 -8.419329e-02 
6 29 5 1.271345e-02 -2.864174e-02 5.565610e-02 -1.138434e-01 
6 30 1 -3.208558e-04 -2.041580e-02 3.295430e-02 -1.024088e-01 
6 30 2 2.450599e-03 -3.474511e-03 2.447090e-02 -5.586671e-02 
6 30 3 8.954093e-03 -6.687469e-02 3.970498e-02 -2.076207e-01 
6 30 4 3.350431e-02 -5.199176e-02 1.383464e-01 -1.988041e-01 
6 30 5 4.561763e-03 -4.146083e-02 3.084713e-02 -1.910068e-01 
6 30 6 9.636273e-03 -9.456652e-03 4.312589e-02 -4.450930e-02 
6 31 2 1.642703e-02 -1.977232e-02 4.920036e-02 -9.887440e-02 
6 31 3 2.043870e-02 -3.388441e-02 1.064552e-01 -1.344359e-01 
6 31 4 4.847341e-03 -1.331395e-04 1.926234e-02 -7.336900e-02 
6 31 5 1.383645e-02 -1.211196e-02 5.038513e-02 -9.812297e-02 
6 31 6 1.713123e-02 -9.322832e-03 6.802116e-02 -1.693895e-01 
6 32 1 1.769072e-02 -3.985244e-02 7.295583e-02 -1.820121e-01 
6 32 2 8.573545e-03 -1.266087e-02 3.242640e-02 -9.559278e-02 
6 32 3 3.934336e-02 -4.162474e-03 1.526596e-01 -5.081574e-02 
6 32 4 5.675735e-03 -1.650883e-02 3.639646e-02 -7.783923e-02 
6 32 5 1.603002e-02 -3.181117e-02 6.350721e-02 -1.290560e-01 
6 32 6 1.548527e-02 -2.485169e-02 6.501429e-02 -1.107486e-01 
6 33 1 7.842077e-03 -3.849401e-02 4.272121e-02 -1.797830e-01 
6 33 2 1.447766e-03 -5.510107e-02 1.533737e-02 -3.072687e-01 
6 33 3 -6.724141e-03 -3.018693e-02 6.300467e-02 -1.321767e-01 
6 33 4 1.014226e-02 -2.369459e-02 4.097053e-02 -9.258068e-02 
6 33 5 2.937471e-03 -8.381895e-03 3.781868e-02 -6.774399e-02 
6 33 6 1.291693e-02 -6.768064e-05 5.149449e-02 -3.840012e-02 
6 35 2 4.132551e-03 -1.454722e-02 3.088394e-02 -8.924962e-02 
6 35 3 2.253833e-02 -3.726748e-02 1.172143e-01 -1.603084e-01 
6 35 4 3.665122e-02 -1.173583e-02 1.195111e-01 -7.594706e-02 
6 35 5 1.670935e-02 -2.677674e-02 7.945900e-02 -1.196052e-01 
6 35 6 8.163535e-03 -4.269404e-03 4.741309e-02 -1.216829e-01 
6 36 1 3.641930e-03 -3.861284e-03 3.787018e-02 -3.607031e-02 
6 36 2 2.455465e-02 -2.319473e-02 9.066112e-02 -1.118603e-01 
6 36 3 -3.704700e-03 -9.191354e-03 6.249513e-03 -7.947219e-02 
6 36 4 -5.688679e-03 -1.307087e-02 3.048762e-02 -4.413118e-02 
6 36 5 4.700912e-03 -1.326031e-03 2.666304e-02 -5.560472e-02 
6 37 1 2.045003e-02 -2.149152e-02 8.005535e-02 -1.177880e-01 
6 37 2 1.415037e-02 -9.288725e-03 6.741539e-02 -1.104502e-01 
6 37 3 1.027672e-02 -5.816522e-03 5.182746e-02 -1.022019e-01 
6 37 4 6.811142e-03 -5.563550e-03 2.893620e-02 -1.003206e-01 
6 37 5 3.647557e-03 -1.867617e-02 2.304391e-02 -1.133468e-01 
