6 9 1 4.725717e-03 -2.332812e-03 4.373630e-02 -2.103129e-02 
6 9 2 7.645374e-03 -2.158451e-02 5.405885e-02 -1.240126e-01 
6 9 3 5.048992e-03 -1.365538e-02 2.389399e-02 -8.121913e-02 
6 9 4 -7.063832e-05 1.378096e-03 2.411865e-02 -4.055913e-02 
6 9 5 1.901840e-02 -2.380886e-02 5.572416e-02 -1.222742e-01 
6 9 6 2.892725e-02 -2.238800e-02 1.141099e-01 -8.879435e-02 
6 10 1 1.385947e-02 9.826882e-03 5.703746e-02 -4.750641e-02 
6 10 2 -1.653361e-03 -8.109454e-04 9.982395e-03 -7.718154e-02 
6 10 3 1.773971e-02 -1.491348e-02 6.614777e-02 -8.329503e-02 
6 10 4 5.682745e-03 -1.448571e-02 5.473600e-02 -1.329279e-01 
6 10 5 7.241858e-03 -4.825282e-02 3.226140e-02 -2.208148e-01 
6 10 6 1.719925e-02 -2.120425e-02 8.093772e-02 -1.082486e-01 
6 10 7 7.161456e-05 2.233762e-02 5.212814e-02 -3.420864e-02 
6 11 1 5.238017e-03 -1.232428e-02 2.761486e-02 -6.579103e-02 
6 11 2 2.321515e-03 -2.545032e-02 3.856956e-02 -1.208801e-01 
6 11 3 1.494049e-02 -3.289593e-03 6.076550e-02 -6.183080e-02 
6 11 4 9.089803e-03 -2.764012e-02 5.790953e-02 -1.384484e-01 
6 11 5 3.342640e-03 1.492407e-02 2.214027e-02 -1.323515e-02 
6 11 6 -8.757436e-03 -1.050708e-02 5.701836e-03 -7.025792e-02 
6 11 7 -7.989076e-03 8.739966e-03 9.735462e-03 -7.667559e-02 
6 12 1 6.624751e-02 -6.015544e-02 2.762707e-01 -2.876573e-01 
6 12 2 5.157463e-03 -9.381064e-03 3.600554e-02 -7.874357e-02 
6 12 3 1.767043e-02 -1.031168e-02 6.708201e-02 -9.403032e-02 
6 12 4 1.121132e-02 -1.662570e-02 5.304596e-02 -9.320406e-02 
6 12 5 -3.753053e-03 -5.397663e-02 2.177533e-02 -2.639914e-01 
6 12 6 4.748777e-03 -2.816058e-02 4.854757e-02 -1.722145e-01 
6 12 7 -3.509757e-03 -6.903461e-03 8.759310e-03 -3.722045e-02 
6 13 1 1.883268e-02 -1.072660e-02 9.366580e-02 -1.057713e-01 
6 13 2 -2.428672e-03 -1.147164e-02 1.346813e-03 -9.807176e-02 
6 13 3 1.227381e-02 -2.857061e-03 7.118870e-02 -2.597371e-02 
6 13 4 -6.038606e-03 -2.735038e-02 1.721549e-02 -9.797115e-02 
6 13 5 1.086482e-04 8.227002e-03 1.888998e-02 -4.292384e-02 
6 13 6 2.397362e-02 -3.431845e-02 9.081267e-02 -2.043918e-01 
6 13 7 1.423658e-02 -3.096693e-02 7.194282e-02 -1.131670e-01 
6 14 1 4.416199e-03 1.413595e-02 4.268654e-02 -6.452866e-02 
6 14 2 1.158487e-02 -7.933244e-02 8.599314e-02 -2.887495e-01 
6 14 3 1.269640e-03 -8.367220e-04 2.133159e-02 -7.767326e-02 
6 14 4 -1.754901e-02 -4.033007e-03 3.357152e-02 -3.529046e-02 
6 14 5 3.160697e-02 -4.584193e-03 1.061365e-01 -5.279564e-02 
6 14 6 1.861107e-02 5.335155e-04 1.027036e-01 -8.315969e-02 
6 14 7 1.654827e-02 -2.318639e-02 6.607605e-02 -1.535863e-01 
6 15 1 7.538825e-03 -6.465588e-03 5.339201e-02 -4.536856e-02 
6 15 2 1.129887e-02 -2.493163e-02 4.077896e-02 -1.392561e-01 
6 15 3 3.959662e-02 -2.347096e-02 1.178466e-01 -7.523471e-02 
6 15 4 2.954254e-02 -1.289588e-02 1.105139e-01 -6.448720e-02 
6 15 5 1.572312e-02 -4.134367e-02 6.729729e-02 -1.639522e-01 
6 15 6 8.109122e-03 -8.606972e-02 5.568189e-02 -2.488827e-01 
6 15 7 2.330484e-02 -2.454556e-02 9.893117e-02 -9.372393e-02 
6 16 1 2.948005e-02 -2.627365e-02 1.223075e-01 -1.132132e-01 
6 16 2 -5.103401e-03 -2.047151e-03 1.067595e-02 -5.577472e-02 
6 16 3 1.289808e-02 -4.865226e-02 4.628575e-02 -1.711044e-01 
6 16 4 4.090066e-03 -9.210226e-03 2.833952e-02 -9.282405e-02 
6 16 5 7.660820e-03 -1.101546e-02 5.158850e-02 -4.990575e-02 
6 16 6 1.170848e-02 -4.564913e-02 3.406339e-02 -1.735356e-01 
6 16 7 3.545908e-05 -8.080084e-03 1.725198e-02 -8.318087e-02 
6 27 1 2.768462e-02 -7.793168e-02 1.126394e-01 -2.494666e-01 
6 27 2 2.411477e-03 -1.722235e-02 1.312452e-02 -7.002065e-02 
6 27 3 1.088187e-02 6.657872e-03 7.512361e-02 -6.595766e-02 
6 27 4 -6.644348e-03 -1.349124e-02 1.360287e-02 -5.912828e-02 
6 27 5 1.352088e-02 -1.424264e-02 5.584328e-02 -1.048903e-01 
6 27 6 1.663198e-02 -3.832250e-02 6.878592e-02 -1.297572e-01 
6 27 7 9.669108e-03 -4.075362e-02 4.777837e-02 -1.636981e-01 
6 28 1 6.530268e-03 -2.664359e-02 2.713921e-02 -8.494654e-02 
6 28 2 5.275908e-03 -2.253197e-02 2.663499e-02 -1.180163e-01 
6 28 3 2.388387e-03 3.870836e-02 3.478989e-02 -9.927183e-03 
6 28 4 1.178364e-02 -1.843409e-02 5.297849e-02 -6.104644e-02 
6 28 5 2.009070e-04 -3.234790e-02 6.428926e-03 -1.330909e-01 
6 28 6 6.762584e-03 -6.123243e-02 3.353123e-02 -1.929824e-01 
6 28 7 1.383557e-02 -1.208990e-02 6.358718e-02 -9.200916e-02 
6 29 1 1.405110e-03 -1.638365e-02 1.778402e-02 -8.669955e-02 
6 29 2 6.060808e-03 -1.937134e-02 2.904052e-02 -1.032070e-01 
6 29 3 7.157363e-03 -5.145094e-02 3.819900e-02 -1.818320e-01 
6 29 4 1.856978e-02 9.879464e-03 7.830460e-02 -9.911901e-03 
6 29 5 6.077709e-03 6.970056e-03 4.882276e-02 -1.827165e-02 
6 29 6 5.140267e-03 -3.955626e-03 2.982878e-02 -6.063489e-02 
6 29 7 -3.620245e-03 -2.132201e-02 2.608291e-02 -1.339019e-01 
6 30 1 3.029382e-02 -2.774482e-02 9.782756e-02 -1.202180e-01 
6 30 2 2.261548e-02 1.697574e-03 7.361825e-02 -4.715837e-02 
6 30 3 1.781296e-02 -2.769397e-02 7.068160e-02 -1.317151e-01 
6 30 4 1.179559e-02 -4.351417e-02 6.636786e-02 -1.796448e-01 
6 30 5 1.611353e-03 -3.335871e-02 1.613056e-02 -1.756015e-01 
6 30 6 -1.315536e-03 1.873947e-02 1.899986e-02 -4.614503e-02 
6 30 7 -6.319031e-03 -2.798638e-02 1.804775e-02 -1.088113e-01 
6 31 1 9.348737e-03 9.863034e-04 5.013353e-02 -5.897034e-02 
6 31 2 1.869601e-02 -7.335010e-03 6.562468e-02 -1.248721e-01 
6 31 3 1.851562e-02 -1.740760e-02 7.943562e-02 -9.153899e-02 
6 31 4 -2.152824e-04 -1.206702e-02 8.588477e-03 -4.841626e-02 
6 31 5 3.331191e-03 -1.745203e-02 3.145257e-02 -7.789736e-02 
6 31 6 1.006535e-02 -2.346404e-02 4.946514e-02 -1.385269e-01 
6 31 7 5.978679e-03 3.487498e-02 2.703397e-02 -2.500485e-02 
6 32 1 1.381470e-02 -4.120649e-02 4.562405e-02 -1.398740e-01 
6 32 2 -7.660261e-04 -7.826080e-03 1.255400e-02 -8.173187e-02 
6 32 3 -4.738969e-03 -9.318011e-03 1.379455e-02 -1.295686e-01 
6 32 4 2.950089e-02 -5.757906e-02 8.836713e-02 -2.375992e-01 
6 32 5 1.474463e-02 -5.515546e-02 5.756669e-02 -1.622875e-01 
6 32 6 1.509499e-02 -5.908269e-02 5.648641e-02 -1.932517e-01 
6 32 7 8.523630e-03 -4.486870e-02 3.994605e-02 -1.634626e-01 
6 33 1 -3.319839e-03 -4.980530e-04 3.865797e-02 -1.306840e-01 
6 33 2 3.517277e-05 5.566367e-03 1.260223e-02 -2.828317e-02 
6 33 3 3.417013e-03 -1.254955e-02 2.150539e-02 -7.641145e-02 
6 33 4 -3.454484e-03 -1.808468e-02 3.041582e-02 -9.685836e-02 
6 33 5 1.791917e-02 -2.804171e-02 8.449616e-02 -1.837005e-01 
6 33 6 1.787034e-03 8.406027e-04 1.899058e-02 -3.272562e-02 
6 33 7 2.969767e-02 -2.485819e-02 1.095356e-01 -1.171727e-01 
6 35 1 5.257465e-03 -8.043764e-03 6.183936e-02 -8.479422e-02 
6 35 2 1.600108e-02 -2.387095e-02 8.502999e-02 -1.217297e-01 
6 35 3 4.233542e-02 -3.374955e-02 2.167367e-01 -1.988529e-01 
6 35 4 2.703145e-02 -2.478709e-02 1.089004e-01 -1.207469e-01 
6 35 5 2.823100e-02 -3.054994e-02 1.716981e-01 -1.843982e-01 
6 35 6 8.510171e-03 -4.229729e-04 9.733778e-02 -5.657040e-02 
