6 8 2 1.320527e-02 -7.577814e-02 5.811075e-02 -2.159711e-01 
6 8 3 2.428237e-02 -3.448617e-02 9.231771e-02 -1.779772e-01 
6 8 4 7.860050e-03 -3.903027e-02 4.506960e-02 -2.069036e-01 
6 8 5 2.114079e-02 -1.835173e-02 8.681683e-02 -1.350464e-01 
6 8 6 8.302233e-03 1.120169e-02 4.640029e-02 -1.046804e-01 
6 9 1 2.427746e-02 -3.007605e-02 1.024067e-01 -2.807282e-01 
6 9 2 2.043954e-02 -4.555845e-02 9.499825e-02 -2.408203e-01 
6 9 3 5.757565e-02 -2.260434e-02 1.997470e-01 -1.063501e-01 
6 9 4 3.044502e-02 -4.489992e-02 1.139411e-01 -3.420097e-01 
6 9 5 4.081136e-02 -9.500721e-03 1.684381e-01 -1.380292e-01 
6 9 6 4.303281e-02 -1.357001e-02 1.644476e-01 -1.359437e-01 
6 10 1 4.593308e-02 -6.342840e-02 1.627540e-01 -2.820507e-01 
6 10 2 3.859243e-02 -4.889586e-02 1.253189e-01 -2.196731e-01 
6 10 3 7.967446e-02 -1.699441e-02 2.657578e-01 -2.599443e-01 
6 10 4 9.995316e-03 1.564832e-02 7.512215e-02 -8.925707e-02 
6 10 5 1.018397e-01 2.650495e-02 3.282520e-01 -5.401558e-02 
6 10 6 9.587953e-02 2.232508e-02 3.193847e-01 -1.228578e-01 
6 11 1 5.678471e-02 1.700177e-02 1.871746e-01 -4.254161e-02 
6 11 2 4.173336e-03 8.248189e-04 6.761640e-02 -1.630380e-01 
6 11 3 4.185997e-02 -1.337686e-02 2.049363e-01 -1.821666e-01 
6 11 4 2.471333e-02 -4.718205e-02 8.455761e-02 -2.058756e-01 
6 11 5 9.757810e-04 -4.660515e-02 1.323408e-02 -1.513467e-01 
6 12 1 2.134491e-02 -3.323170e-02 1.484360e-01 -1.491962e-01 
6 12 2 3.110084e-02 -2.710848e-02 1.640251e-01 -2.032791e-01 
6 12 3 2.196813e-02 -1.387533e-02 1.062760e-01 -1.909488e-01 
6 12 4 1.424030e-02 -2.665632e-02 8.589322e-02 -2.038712e-01 
6 12 5 5.480599e-03 -4.862446e-02 5.009755e-02 -3.130620e-01 
6 12 6 1.632765e-02 -2.102799e-02 1.184572e-01 -9.335137e-02 
6 13 1 2.276127e-02 8.587433e-04 7.864623e-02 -3.463626e-02 
6 13 2 7.578060e-03 -7.457503e-02 5.104723e-02 -2.292301e-01 
6 13 3 1.528459e-02 -1.113799e-02 8.032142e-02 -6.192418e-02 
6 13 4 1.008215e-02 -1.642616e-02 4.532424e-02 -7.833522e-02 
6 13 5 2.685074e-03 -3.771401e-06 3.227381e-02 -3.625911e-02 
6 14 2 1.393823e-02 -1.206504e-02 1.199222e-01 -1.141083e-01 
6 14 3 9.176978e-03 -1.684265e-02 6.022508e-02 -1.110975e-01 
6 14 4 -1.105368e-02 -2.446137e-02 2.266060e-02 -1.558377e-01 
6 14 5 -2.009096e-02 -5.379846e-03 3.963173e-02 -6.239604e-02 
6 14 6 7.644181e-03 2.484912e-02 1.299004e-01 -1.153221e-01 
6 15 1 2.690354e-02 -4.883337e-02 1.210529e-01 -2.056869e-01 
6 15 2 2.968926e-03 -3.619067e-02 6.221461e-02 -1.874815e-01 
6 15 3 -1.111577e-02 -5.472126e-02 7.403380e-02 -2.388971e-01 
6 15 4 4.201714e-02 -4.831166e-02 1.504963e-01 -2.019704e-01 
6 15 5 3.396216e-02 -2.151241e-02 1.447810e-01 -7.169391e-02 
6 15 6 7.782522e-03 -1.713042e-03 6.574533e-02 -8.211205e-02 
6 16 1 2.681443e-02 1.538916e-02 9.950598e-02 -6.324466e-02 
6 16 2 5.582594e-03 -6.978822e-04 3.477279e-02 -5.558627e-02 
6 16 3 1.120253e-02 -3.317678e-02 5.609017e-02 -1.927067e-01 
6 16 4 -4.677153e-03 -3.371641e-02 7.354047e-02 -1.335081e-01 
6 16 5 3.910476e-03 -1.247658e-02 6.948976e-02 -1.368875e-01 
6 16 6 -5.757811e-03 4.814437e-04 3.504374e-02 -6.455953e-02 
6 27 1 7.401983e-02 -1.757231e-02 3.390614e-01 -8.433534e-02 
6 27 2 5.576744e-02 -2.818491e-02 2.284304e-01 -1.941863e-01 
6 27 3 3.152219e-02 5.069059e-03 1.431033e-01 -2.701938e-02 
6 27 4 6.973107e-02 -1.863210e-02 3.070885e-01 -1.949618e-01 
6 27 5 1.167355e-01 -1.518494e-01 4.462697e-01 -4.235336e-01 
6 27 6 7.324775e-02 -4.495510e-02 2.829127e-01 -2.431019e-01 
6 28 1 -1.445521e-02 7.774942e-03 5.104834e-02 -5.003370e-03 
6 28 2 -8.419980e-03 -1.779304e-02 8.767556e-02 -1.202255e-01 
6 28 3 3.670536e-02 -3.548179e-02 1.670990e-01 -1.457614e-01 
6 28 4 2.096400e-02 -2.847049e-02 7.924322e-02 -1.620605e-01 
6 28 5 2.876968e-02 -3.050201e-02 1.316364e-01 -1.343464e-01 
6 29 1 7.121938e-02 -5.621248e-02 3.685724e-01 -2.322721e-01 
6 29 2 4.612894e-02 -1.872389e-02 2.226026e-01 -9.841851e-02 
6 29 3 8.508696e-02 -4.965114e-02 3.036515e-01 -1.644631e-01 
6 29 4 4.455147e-02 -5.016094e-02 1.885367e-01 -1.835282e-01 
6 29 5 5.707369e-02 -9.274199e-03 2.961173e-01 -1.500232e-01 
6 29 6 6.883809e-02 -2.356901e-02 2.834621e-01 -2.259630e-01 
6 30 1 6.248036e-02 2.742508e-03 2.937123e-01 -5.763387e-02 
6 30 2 1.349731e-02 -1.880992e-02 5.173302e-02 -1.338550e-01 
6 30 3 1.946790e-02 3.972351e-02 1.595746e-01 -5.606140e-02 
6 30 4 2.779108e-02 -8.536760e-02 1.215030e-01 -3.438134e-01 
6 30 5 1.826145e-02 -6.246849e-03 1.490724e-01 -5.719299e-02 
6 31 1 -1.555839e-02 1.347348e-03 4.625564e-02 -6.626429e-02 
6 31 2 7.285558e-03 -2.645211e-02 8.193391e-02 -1.633729e-01 
6 31 3 -1.571518e-02 1.167207e-02 7.651335e-02 -1.791555e-02 
6 31 4 1.398030e-02 -1.505446e-02 8.385725e-02 -9.150701e-02 
6 31 5 1.772310e-02 -4.648169e-02 1.114308e-01 -1.641879e-01 
6 32 1 7.217611e-02 -3.625956e-02 3.195890e-01 -1.902002e-01 
6 32 2 8.302838e-02 -3.165662e-02 3.191122e-01 -2.144052e-01 
6 32 3 2.424010e-02 -6.152379e-02 1.548546e-01 -2.537099e-01 
6 32 4 4.854230e-02 -2.814957e-02 2.023599e-01 -1.035319e-01 
6 32 5 2.588747e-02 -1.477705e-02 9.047468e-02 -7.836012e-02 
6 32 6 3.338724e-03 -2.031769e-03 5.123772e-02 -2.800642e-02 
6 33 1 4.329082e-02 -7.540337e-02 1.788068e-01 -4.128997e-01 
6 33 2 4.477103e-02 -2.581499e-02 2.052991e-01 -1.093524e-01 
6 33 3 7.332200e-02 -1.820876e-02 2.661335e-01 -1.701102e-01 
6 33 4 8.404924e-02 -4.706217e-02 2.955136e-01 -2.507911e-01 
6 33 5 1.456853e-02 -7.047777e-03 4.870949e-02 -5.016136e-02 
6 33 6 1.405816e-02 1.885153e-03 8.163033e-02 -7.228505e-02 
6 35 1 3.250072e-02 -2.862724e-02 2.423893e-01 -1.191925e-01 
6 35 2 6.292083e-02 -1.934803e-02 2.520191e-01 -1.840111e-01 
6 35 3 2.818714e-02 -5.478118e-03 1.158103e-01 -7.661980e-02 
6 35 4 1.140925e-02 2.203147e-02 7.499761e-02 -4.790577e-02 
6 35 5 2.813565e-02 -1.328748e-02 1.611578e-01 -7.604174e-02 
6 35 6 2.118448e-02 -5.641814e-02 8.397224e-02 -1.956668e-01 
6 36 1 2.100253e-02 -3.473502e-03 9.321848e-02 -6.234654e-02 
6 36 2 3.161651e-02 -7.779171e-03 1.737091e-01 -8.622147e-02 
6 36 3 2.159252e-02 5.069516e-03 1.061032e-01 -9.583037e-02 
6 36 4 6.900154e-02 -5.953784e-03 3.476553e-01 -6.314647e-02 
6 36 5 4.235470e-02 -4.597993e-02 1.418823e-01 -1.539430e-01 
6 37 1 2.646417e-02 5.593479e-02 1.637885e-01 -5.506777e-03 
6 37 2 4.035637e-02 -4.077681e-02 1.819759e-01 -1.409105e-01 
6 37 3 7.082045e-02 7.546048e-02 3.002043e-01 -6.566428e-02 
6 37 4 7.532151e-02 -2.134577e-02 3.188990e-01 -1.120180e-01 
6 37 5 9.055517e-02 4.280422e-02 3.380837e-01 -5.510221e-02 
6 37 6 6.699036e-02 2.136670e-02 2.983390e-01 -2.054606e-02 
