6 8 3 1.981141e-02 -2.665679e-02 1.433305e-01 -1.495277e-01 
6 8 4 -1.579629e-03 -6.430189e-02 4.878832e-02 -1.825236e-01 
6 8 5 -4.246719e-03 -4.095145e-02 3.834848e-02 -1.224553e-01 
6 8 6 5.039898e-03 -1.838068e-02 4.496687e-02 -1.261145e-01 
6 9 1 2.192870e-02 -2.673771e-02 8.167516e-02 -9.468929e-02 
6 9 2 2.853550e-02 -4.267181e-02 2.005927e-01 -1.480731e-01 
6 9 3 1.025050e-02 -3.872269e-03 4.880813e-02 -7.261115e-02 
6 9 5 2.838636e-02 -3.051602e-02 1.869766e-01 -1.123992e-01 
6 9 6 1.978690e-02 -3.039746e-02 1.088250e-01 -1.076571e-01 
6 10 1 6.235041e-02 -1.378456e-02 2.210994e-01 -1.203620e-01 
6 10 2 1.783255e-04 4.825780e-03 1.315096e-02 -4.606918e-02 
6 10 3 3.535498e-02 2.133981e-04 1.669511e-01 -7.016360e-02 
6 10 4 -1.286067e-02 -4.861571e-02 5.533430e-02 -2.056152e-01 
6 10 5 2.174966e-03 2.289748e-02 1.135644e-01 -1.348085e-01 
6 10 6 2.938633e-02 -2.608887e-02 1.307492e-01 -1.402948e-01 
6 11 1 1.933954e-02 -8.964717e-02 8.909598e-02 -3.302281e-01 
6 11 2 2.055122e-03 -8.802987e-04 5.107723e-02 -4.937276e-02 
6 11 3 2.669361e-02 -2.718019e-02 1.737253e-01 -1.610659e-01 
6 11 4 4.572266e-02 -1.558477e-02 1.591309e-01 -6.689265e-02 
6 11 5 1.279031e-02 -3.766630e-02 8.417862e-02 -1.667281e-01 
6 11 6 3.273764e-04 -2.819555e-03 4.259282e-02 -1.222891e-01 
6 12 1 4.785863e-02 -4.712849e-02 2.064614e-01 -2.351418e-01 
6 12 3 1.226770e-03 -4.843184e-03 6.080011e-02 -4.985556e-02 
6 12 4 -2.313810e-03 3.935984e-03 2.218740e-02 -1.212215e-02 
6 12 5 1.645621e-02 -5.595473e-02 6.764370e-02 -3.135184e-01 
6 12 6 1.945190e-02 -2.666866e-02 1.143090e-01 -9.618581e-02 
6 13 1 6.742475e-02 -4.030318e-02 2.851366e-01 -1.539020e-01 
6 13 2 2.422596e-02 -3.497026e-03 1.230960e-01 -1.914350e-02 
6 13 3 3.895147e-02 -6.889496e-02 1.526104e-01 -3.194846e-01 
6 13 4 2.700003e-02 1.914824e-03 1.032044e-01 -4.328487e-02 
6 13 5 4.164473e-03 -2.076330e-02 5.968587e-02 -9.589174e-02 
6 13 6 9.519709e-03 -3.338101e-02 5.187664e-02 -1.985418e-01 
6 15 1 4.376376e-02 4.201044e-03 1.410261e-01 -5.352254e-02 
6 15 2 -1.628596e-03 -1.270510e-02 6.123376e-02 -6.399638e-02 
6 15 3 5.898436e-03 -2.235638e-02 7.488689e-02 -1.151682e-01 
6 15 4 2.333597e-03 -1.481175e-02 2.801975e-02 -8.663262e-02 
6 15 5 1.814055e-02 -3.890556e-02 8.485304e-02 -1.386103e-01 
6 15 6 8.672777e-03 -2.387591e-02 5.950954e-02 -1.400881e-01 
6 16 1 2.610232e-02 -1.323382e-02 1.186104e-01 -1.326510e-01 
6 16 2 5.031598e-02 -3.340850e-03 2.009136e-01 -1.352702e-01 
6 16 3 4.939770e-03 8.425256e-03 4.550231e-02 -9.321338e-03 
6 16 4 -2.586601e-03 -2.268562e-02 7.919839e-02 -8.538920e-02 
6 16 5 4.341579e-03 -5.562810e-02 7.536926e-02 -1.624644e-01 
6 16 6 2.298538e-02 -2.270626e-02 1.037018e-01 -1.014591e-01 
6 27 1 1.068153e-02 -5.370524e-03 7.607901e-02 -2.819926e-02 
6 27 2 1.222552e-02 -4.923936e-02 6.654788e-02 -1.960436e-01 
6 27 3 2.699739e-02 -1.348297e-02 1.099090e-01 -9.574189e-02 
6 27 4 3.036123e-02 2.211396e-02 1.196446e-01 -7.549496e-02 
6 27 5 1.355739e-02 -1.831007e-04 6.073541e-02 -2.801500e-02 
6 27 6 2.098531e-02 -2.404275e-02 1.255003e-01 -1.201392e-01 
6 28 1 2.675686e-02 -3.269891e-02 8.728343e-02 -1.095051e-01 
6 28 2 3.327137e-02 -2.348287e-02 1.735688e-01 -1.344471e-01 
6 28 3 2.818029e-02 -1.506842e-02 1.282984e-01 -6.981652e-02 
6 28 4 1.854369e-02 -3.519364e-02 9.938868e-02 -1.391303e-01 
6 28 5 1.452298e-03 -1.928416e-02 8.823435e-02 -8.307741e-02 
6 28 6 1.217997e-02 -2.663087e-02 8.370518e-02 -1.536184e-01 
6 29 1 2.253176e-02 -1.836608e-02 1.275660e-01 -1.196221e-01 
6 29 2 7.913670e-03 -2.284238e-03 6.183587e-02 -9.739456e-02 
6 29 3 1.857434e-02 -8.475876e-03 6.661596e-02 -9.395987e-02 
6 29 6 3.362622e-02 -1.524816e-02 1.371911e-01 -5.899665e-02 
6 30 1 7.833154e-03 -6.838291e-02 7.613896e-02 -2.951946e-01 
6 30 2 2.368227e-02 -6.566851e-03 8.984487e-02 -5.415343e-02 
6 30 3 1.594041e-02 -2.498104e-02 1.259905e-01 -1.365261e-01 
6 30 4 3.173558e-02 -4.612795e-02 1.170618e-01 -1.419120e-01 
6 30 5 2.824067e-02 -2.318795e-03 1.042561e-01 -2.448422e-02 
6 30 6 1.040102e-02 9.591085e-03 5.191875e-02 -3.577923e-02 
6 31 1 2.405158e-02 -1.485343e-02 1.103615e-01 -1.083009e-01 
6 31 2 1.381013e-02 -2.641886e-02 7.519418e-02 -1.302757e-01 
6 31 3 1.001228e-02 -2.372278e-02 1.139498e-01 -1.346297e-01 
6 31 5 5.213705e-02 -5.437428e-02 1.883515e-01 -1.794056e-01 
6 31 6 8.544882e-03 -2.031093e-02 5.392203e-02 -1.200654e-01 
6 32 3 2.580638e-02 6.548371e-03 1.508607e-01 -2.824694e-02 
6 32 4 2.660220e-02 -8.526672e-03 1.083317e-01 -3.347826e-02 
6 32 5 1.215745e-02 -6.623156e-03 6.611609e-02 -6.696054e-02 
6 32 6 1.491750e-02 -2.222665e-02 6.594706e-02 -8.231381e-02 
6 33 1 2.781931e-03 -2.633256e-02 5.292347e-02 -1.217012e-01 
6 33 2 3.900697e-02 -9.879040e-03 1.381426e-01 -8.323111e-02 
6 33 4 1.418439e-02 -3.596034e-02 7.688560e-02 -1.393164e-01 
6 33 5 1.545883e-02 -3.887110e-02 8.299263e-02 -1.529575e-01 
6 33 6 3.618278e-02 -1.576409e-02 1.347471e-01 -1.195535e-01 
