6 8 1 3.578709e-02 -1.275380e-02 1.326200e-01 -6.176104e-02 
6 8 2 2.293262e-02 -2.664537e-02 1.264191e-01 -1.366302e-01 
6 8 3 1.063612e-02 -3.166051e+111 7.139035e-02 -1.568661e+112 
6 8 4 1.422192e-02 -3.643832e-03 1.605617e-01 -8.829340e-02 
6 8 5 1.837377e-02 8.967843e-03 1.186905e-01 -4.623055e-02 
6 8 6 1.406696e-02 -2.060832e-02 9.752196e-02 -1.842708e-01 
6 9 1 -7.657486e-03 1.276963e-02 2.679511e-02 -1.332133e-01 
6 9 2 1.970181e-03 1.641034e-02 1.178280e-01 -7.565060e-02 
6 9 3 2.363648e-03 8.905264e-03 5.110947e-02 -7.880160e-02 
6 9 4 4.987654e-03 -3.344998e-02 3.647766e-02 -1.430225e-01 
6 9 5 3.314294e-03 -7.955749e-03 7.353739e-02 -6.425106e-02 
6 10 1 2.447600e-02 -1.296465e-04 1.393514e-01 -5.591997e-02 
6 10 2 -1.156615e-02 1.174818e-02 5.154950e-02 -1.340526e-01 
6 10 3 3.831140e-02 -3.766766e-02 1.775147e-01 -1.176358e-01 
6 10 4 4.976851e-02 -8.487020e-02 3.000819e-01 -3.496641e-01 
6 10 5 2.131511e-02 1.866095e-02 7.616180e-02 -2.359486e-02 
6 10 6 3.021541e-02 -2.287843e-02 2.363392e-01 -1.980179e-01 
6 11 1 6.766524e-03 2.499843e-03 4.614396e-02 -3.582143e-02 
6 11 2 2.062256e-02 -1.355880e-02 9.091467e-02 -6.650088e-02 
6 11 3 1.631906e-02 -1.738198e-02 1.096437e-01 -9.519731e-02 
6 11 4 4.056015e-02 -2.333286e-02 1.548969e-01 -1.434777e-01 
6 12 1 4.141123e-02 -4.909627e-03 2.208600e-01 -1.087154e-01 
6 12 2 5.198546e-02 -6.418864e-02 3.996170e-01 -4.914136e-01 
6 12 3 3.096622e-03 1.406679e-02 5.293990e-02 -4.328871e-02 
6 12 4 7.035919e-04 1.394958e-02 1.992667e-02 -4.778363e-02 
6 12 5 2.300870e-02 -1.519062e-02 1.742680e-01 -5.722489e-02 
6 12 6 3.565888e-03 -2.530381e-02 9.933622e-02 -1.153157e-01 
6 13 1 4.804116e-02 -3.122750e-02 2.191035e-01 -1.277193e-01 
6 13 2 3.946922e-02 -2.098068e-02 2.303156e-01 -2.179013e-01 
6 13 3 2.108669e-02 -6.334324e-02 1.634292e-01 -2.785087e-01 
6 13 4 4.615968e-02 -6.917428e-02 2.236198e-01 -2.857064e-01 
6 13 5 7.466040e-03 -1.112041e-02 5.769063e-02 -5.440885e-02 
6 13 6 6.321690e-03 -8.267855e-03 3.685768e-02 -7.197112e-02 
6 14 1 2.253750e-02 -1.652380e-02 1.019197e-01 -6.285076e-02 
6 14 2 1.064141e-04 2.235509e-02 4.143847e-02 -4.084071e-02 
6 14 3 2.415112e-02 -4.506832e-02 1.368218e-01 -1.858815e-01 
6 14 4 1.289856e-02 -2.990991e-02 6.643963e-02 -2.029239e-01 
6 14 5 1.738809e-02 -6.903171e-03 1.062399e-01 -3.672972e-02 
6 15 1 1.839755e+217 -4.272226e+248 1.015600e+218 -2.104373e+249 
6 15 2 1.488063e-03 -2.248802e-02 1.127764e-01 -2.403197e-01 
6 15 3 2.623479e-02 -4.915916e-03 1.037152e-01 -1.167336e-01 
6 15 4 1.714687e-02 -1.442726e-02 1.643185e-01 -1.224223e-01 
6 15 5 1.713301e-02 -1.749148e-02 7.952897e-02 -8.746894e-02 
6 15 6 2.783360e-02 -2.097319e-02 8.594578e-02 -1.260824e-01 
6 16 1 8.567447e-03 -2.438202e-02 8.947078e-02 -1.554678e-01 
6 16 2 -5.919072e-03 -3.696799e-02 7.217671e-02 -1.816847e-01 
6 16 3 2.485018e-02 -1.830266e-02 1.186819e-01 -1.746479e-01 
6 16 4 9.717880e-03 -1.363685e-02 5.718411e-02 -9.521906e-02 
6 16 5 4.882447e-03 -4.428288e-02 2.984696e-02 -1.850130e-01 
6 16 6 1.091566e-02 -1.362460e-02 6.300015e-02 -1.102212e-01 
6 28 1 3.775126e-02 -9.196401e+24 1.382505e-01 -3.188604e+25 
6 28 2 4.594573e-02 -4.207293e-02 1.392657e-01 -1.472027e-01 
6 28 3 1.996473e-02 -2.607296e-02 1.554091e-01 -9.002803e-02 
6 28 4 2.383811e-02 -2.978779e-02 9.088127e-02 -1.574023e-01 
6 28 5 1.657879e-02 -4.224780e-02 1.027116e-01 -1.993645e-01 
6 29 1 -9.490436e-03 3.828327e-02 2.596547e-02 -7.064036e-02 
6 29 2 5.985690e-03 -1.805997e-02 5.795860e-02 -1.269735e-01 
6 29 3 -1.909317e-02 1.821799e-02 3.063766e-02 -2.324389e-02 
6 29 4 1.662661e-04 -5.946478e-02 3.850035e-02 -2.551705e-01 
6 29 5 -3.663998e-03 -1.686473e-02 3.167111e-02 -1.015163e-01 
6 31 1 5.704556e-03 -2.191275e-02 5.663541e-02 -1.504548e-01 
6 31 2 2.963003e-03 1.918141e-02 5.948773e-02 -4.237340e-02 
6 31 3 -3.660486e-03 -2.920719e-02 6.458505e-03 -1.188584e-01 
6 31 4 6.860178e-02 -2.493280e-02 2.770220e-01 -1.173839e-01 
6 31 5 5.655145e-02 -1.657387e-02 2.350670e-01 -5.891335e-02 
6 31 6 -5.156060e-04 -5.488974e-03 1.011750e-02 -5.765921e-02 
6 32 1 4.620951e-02 -2.922176e-02 1.974861e-01 -1.248950e-01 
6 32 2 1.301019e-02 -1.438176e-02 1.524521e-01 -8.699008e-02 
6 32 3 3.931321e-03 -9.789173e-03 3.059186e-02 -7.077183e-02 
6 32 4 2.117502e-02 -3.730023e-03 1.259202e-01 -6.784491e-02 
6 32 5 7.156434e-02 -3.892221e-02 2.278158e-01 -1.269794e-01 
6 33 1 -9.590879e-03 1.694345e-02 6.020792e-02 -4.051058e-02 
6 33 2 -1.241448e-02 1.899253e-03 1.911281e-02 -7.740691e-02 
6 33 3 4.034682e-03 -2.560030e-02 8.305974e-02 -1.034729e-01 
6 33 4 1.230250e-02 2.020486e-02 5.595067e-02 -5.569881e-02 
6 35 1 1.572841e+08 9.056770e+116 2.103605e+09 -1.348402e+117 
6 35 2 -5.827872e-04 -6.587237e-03 3.117705e-02 -9.554726e-02 
6 35 3 -2.301662e-02 -8.837857e-03 2.180265e-02 -1.628455e-01 
6 35 4 -1.659389e-02 -2.262587e-02 9.036246e-03 -1.676542e-01 
6 35 5 6.103092e-04 -7.082419e-03 3.197265e-02 -7.187942e-02 
6 35 6 -8.734636e-04 -1.348988e-02 1.255830e-02 -1.243797e-01 
6 36 1 2.503647e-02 -5.593484e-02 1.304346e-01 -1.716825e-01 
6 36 2 1.441893e-02 -6.874967e-02 7.492097e-02 -3.242582e-01 
6 36 3 2.868920e-02 -3.201514e-02 2.112783e-01 -1.552891e-01 
6 36 4 1.545188e-02 3.849470e-04 8.089030e-02 -3.309895e-02 
6 36 5 5.237031e-03 -1.357817e-02 6.308494e-02 -7.890832e-02 
6 36 6 -4.733990e-03 1.818538e-02 2.606205e-02 -3.488741e-02 
6 37 1 5.885906e-03 -1.362160e-02 4.437971e-02 -1.238947e-01 
6 37 2 -1.184603e-02 8.909824e-03 2.150212e-02 -8.678115e-02 
6 37 3 2.618733e-02 -6.875451e-04 2.033259e-01 -1.012287e-01 
6 37 4 -4.567608e-03 2.681103e-03 3.725039e-02 -7.389093e-02 
6 37 5 3.512978e-02 -3.579415e-02 1.749377e-01 -2.057952e-01 
6 37 6 1.347036e-02 -2.609846e-02 8.418733e-02 -1.123612e-01 
