6 8 2 1.708999e-02 -5.798206e-02 1.526730e-01 -2.730781e-01 
6 8 3 3.037690e-02 -3.545399e-02 1.518691e-01 -1.484106e-01 
6 8 4 -3.957252e-03 -7.758157e-03 8.493726e-03 -9.546098e-02 
6 8 5 8.353708e-04 -1.866962e-02 2.768128e-02 -1.321196e-01 
6 8 6 2.180443e-02 -3.750548e-02 7.521918e-02 -1.573788e-01 
6 9 1 8.844148e-03 -1.152927e-02 3.197883e-02 -8.151263e-02 
6 9 2 7.523123e-03 -8.840165e-05 5.288882e-02 -3.816768e-02 
6 9 3 -4.508178e-03 -7.721138e-03 2.046752e-02 -1.063774e-01 
6 9 4 1.606739e-02 -3.655427e-02 9.813384e-02 -1.713089e-01 
6 9 5 1.535702e-02 -4.364892e-02 7.592454e-02 -1.683542e-01 
6 9 6 1.571890e-02 -2.696244e-04 8.190467e-02 -6.007176e-02 
6 10 1 8.107304e-03 -4.430146e-02 9.598550e-02 -1.985272e-01 
6 10 2 1.894869e-02 -5.393361e-02 6.906773e-02 -1.934772e-01 
6 10 3 1.481937e-02 -6.799604e-04 6.772413e-02 -4.736034e-02 
6 10 4 1.972661e-03 -9.343596e-03 2.234582e-02 -6.314994e-02 
6 10 5 5.147197e-04 -1.015178e-02 5.766770e-02 -5.096322e-02 
6 10 6 4.213848e-03 -2.005545e-02 2.737420e-02 -1.492335e-01 
6 10 7 2.777485e-03 -1.839410e-02 3.003311e-02 -1.087242e-01 
6 11 1 1.873522e-02 -4.921751e-02 7.491024e-02 -2.168787e-01 
6 11 2 1.337681e-03 -7.978523e-03 1.308413e-02 -4.985233e-02 
6 11 3 1.008441e-02 -5.561190e-03 3.132495e-02 -8.290344e-02 
6 11 4 1.360816e-02 -2.366235e-02 5.794284e-02 -1.190066e-01 
6 11 5 1.382588e-02 -2.932892e-02 6.229919e-02 -1.551207e-01 
6 11 6 1.463238e-02 -1.811982e-02 6.572946e-02 -9.563411e-02 
6 11 7 1.347078e-02 -1.509668e-02 7.739597e-02 -9.525100e-02 
6 13 1 1.264340e-02 -2.117540e-02 6.028713e-02 -1.002342e-01 
6 13 2 2.368297e-02 -3.015488e-02 7.350369e-02 -1.502951e-01 
6 13 3 2.249472e-03 -1.334852e+24 3.236077e-02 -1.034490e+25 
6 14 1 1.191499e-02 -5.625612e-02 7.429077e-02 -2.040734e-01 
6 14 2 5.407419e-03 1.133884e-02 3.568167e-02 -3.698134e-02 
6 14 3 5.360571e-03 -1.197042e-02 5.482279e-02 -1.567486e-01 
6 14 4 1.429816e-02 -3.439847e-02 9.713350e-02 -2.447747e-01 
6 14 5 4.151649e-03 -8.849447e-03 1.909269e-02 -6.166389e-02 
6 14 6 -2.096822e-03 -1.139221e-02 1.490063e-02 -1.098248e-01 
6 14 7 8.318721e-03 -3.683408e-02 5.351045e-02 -1.675521e-01 
6 15 1 1.046250e-02 -6.785325e-03 5.030743e-02 -4.555526e-02 
6 15 2 6.916422e-03 -3.791327e-02 3.889030e-02 -1.690537e-01 
6 15 3 2.075979e-02 -3.450253e-02 5.851368e-02 -2.127460e-01 
6 15 4 8.752631e-03 -6.816530e-03 9.156016e-02 -1.066114e-01 
6 15 5 7.691725e-03 -4.596575e-02 4.375250e-02 -1.395908e-01 
6 15 6 -5.883055e-03 -2.503956e-03 2.625320e-02 -2.649569e-02 
6 15 7 1.812844e-03 -2.031281e-02 2.767585e-02 -7.598605e-02 
6 16 1 7.670854e-03 -4.954174e-03 7.195506e-02 -5.857472e-02 
6 16 2 4.339219e-03 -1.717438e-02 3.693322e-02 -8.033485e-02 
6 16 3 1.647771e-03 -1.281634e-02 2.882407e-02 -6.163317e-02 
6 16 4 2.884182e-03 -1.358985e-02 2.824967e-02 -1.939904e-01 
6 16 5 4.850054e-03 -1.326104e-02 2.449966e-02 -9.313474e-02 
6 16 6 8.246710e-03 3.492127e-03 3.467403e-02 -9.840383e-02 
6 16 7 1.490180e-03 -2.984418e-03 1.515795e-02 -6.182234e-02 
6 27 1 -2.851685e-03 -2.473687e-04 2.373291e-02 -3.748052e-02 
6 27 2 1.903159e-02 -4.452311e-02 8.445669e-02 -1.299846e-01 
6 27 3 3.461662e-03 9.697768e-03 1.810925e-02 -1.406068e-02 
6 27 4 1.555450e-02 -6.882525e+125 6.142438e-02 -3.919824e+126 
6 27 5 -1.436429e-02 -2.518426e-02 3.565204e-02 -1.783944e-01 
6 27 6 2.835671e-03 -2.423409e-02 4.615637e-02 -1.280199e-01 
6 27 7 2.077284e-02 -4.736314e-02 1.184202e-01 -1.733286e-01 
6 28 1 1.991650e-02 -4.565776e-02 7.738606e-02 -1.623402e-01 
6 28 2 1.398749e-02 -1.100867e-02 6.311812e-02 -5.447620e-02 
6 28 3 -2.193671e-02 -5.387644e+127 1.336570e-02 -2.158123e+128 
6 28 4 7.880809e-03 -3.705790e-02 3.506906e-02 -1.331290e-01 
6 28 5 4.773800e-03 -1.291203e-02 5.892542e-02 -7.959295e-02 
6 28 6 2.260955e-02 -5.111254e-02 8.827658e-02 -1.776004e-01 
6 29 1 1.403388e-02 -3.621105e-02 5.429608e-02 -1.386224e-01 
6 30 1 4.857599e-02 -9.078065e-03 2.324326e-01 -6.286167e-02 
6 30 2 2.850592e-03 -6.705001e-03 7.207935e-02 -4.751196e-02 
6 30 3 6.218866e-03 -4.887417e-03 4.672121e-02 -5.931522e-02 
6 30 4 -1.096646e-02 -1.167049e-02 4.073898e-02 -5.276368e-02 
6 30 5 1.710639e-02 -1.745673e-02 6.626808e-02 -1.079101e-01 
6 30 6 -9.214463e-03 -5.881703e-03 3.259513e-02 -2.496129e-02 
6 31 1 2.467642e-02 -5.225632e-03 1.154070e-01 -2.987250e-02 
6 31 2 1.453321e-02 -1.725378e-02 6.313498e-02 -6.771013e-02 
6 31 3 -1.506424e-03 -9.406305e-03 2.643387e-02 -7.064565e-02 
6 31 4 -2.331110e-03 -2.148590e-03 2.526719e-02 -2.713416e-02 
6 31 5 6.263056e-03 -4.648446e-03 3.532743e-02 -3.155583e-02 
6 31 6 2.311055e-02 -1.562128e-02 9.026397e-02 -8.651081e-02 
6 32 1 9.664029e-03 -6.748500e-03 5.166523e-02 -3.150557e-02 
6 32 2 6.795268e-02 -3.557835e-03 2.718372e-01 -4.592387e-02 
6 32 3 2.727374e-02 -5.481182e-03 1.572682e-01 -3.609217e-02 
6 32 4 2.160479e-02 -2.187914e-02 6.488609e-02 -9.326657e-02 
6 32 5 5.286134e-03 -1.641352e-02 2.854439e-02 -1.072028e-01 
6 32 6 2.671552e-02 -1.180440e-02 1.182156e-01 -8.011484e-02 
6 32 7 2.249582e-02 -2.271887e-02 7.699772e-02 -8.437371e-02 
6 33 1 6.347087e-03 -9.149545e-03 6.540357e-02 -9.870645e-02 
6 33 2 1.052454e-02 -5.759577e-03 4.974730e-02 -4.577942e-02 
6 33 3 2.473182e-02 -3.532865e-02 8.453961e-02 -1.741183e-01 
6 33 4 1.412464e-02 -1.271061e-02 5.419623e-02 -7.424526e-02 
6 33 5 6.812359e-03 4.146401e-03 4.232846e-02 -6.152046e-02 
6 33 6 1.412121e-02 -6.449470e-03 7.901136e-02 -8.234898e-02 
6 35 1 2.983963e-02 -2.599598e-02 1.298136e-01 -1.084042e-01 
6 35 2 1.211155e-02 -1.605788e-02 7.154338e-02 -9.854079e-02 
6 35 3 6.220352e-03 -1.750246e-03 3.554881e-02 -5.346944e-02 
6 35 4 1.132378e-02 -2.016853e-03 5.988991e-02 -1.636310e-01 
6 35 5 4.959073e-03 -4.111856e-02 8.385196e-02 -1.701150e-01 
6 36 1 1.770325e-02 -8.281251e-03 8.734285e-02 -7.925668e-02 
6 36 2 -1.856425e-04 -3.520536e-02 4.114701e-02 -1.594827e-01 
6 36 3 -2.097209e-03 -9.794432e-03 2.758590e-02 -7.213977e-02 
6 36 4 1.695450e-02 -4.109338e-02 5.551200e-02 -1.425788e-01 
6 36 5 -3.068271e-03 -1.824772e-02 1.319610e-02 -1.063644e-01 
6 37 1 8.379129e-03 -4.137916e-02 4.949846e-02 -1.888889e-01 
6 37 2 2.917881e-03 -1.428415e-03 4.201789e-02 -7.541268e-02 
6 37 3 5.288452e-03 -1.921151e-02 3.159277e-02 -8.974829e-02 
6 37 4 3.594485e-02 -1.857404e-02 1.449739e-01 -8.191355e-02 
6 37 5 1.897787e-02 -2.963038e-02 6.905738e-02 -1.228158e-01 
6 37 6 3.688706e-03 -5.671679e-02 1.663971e-02 -1.841908e-01 
